t1,t2,t3,t4,CF12_34,CF13_24,CF14_23,ngenes
Neobatrachus_albipes_15803,Neobatrachus_aquilonius_132170,Neobatrachus_fulvus_17125,Neobatrachus_kunapalari_16563,0.04011461318051576,0.0830945558739255,0.8767908309455588,349.0
Neobatrachus_albipes_15803,Neobatrachus_aquilonius_132170,Neobatrachus_fulvus_17125,Neobatrachus_pelobatoides_116515,0.034383954154727794,0.045845272206303724,0.9197707736389685,349.0
Neobatrachus_albipes_15803,Neobatrachus_aquilonius_132170,Neobatrachus_fulvus_17125,Neobatrachus_pictus_15876,0.11174785100286533,0.09455587392550144,0.7936962750716332,349.0
Neobatrachus_albipes_15803,Neobatrachus_aquilonius_132170,Neobatrachus_fulvus_17125,Neobatrachus_sudellae_23945,0.10028653295128939,0.24068767908309455,0.6590257879656161,349.0
Neobatrachus_albipes_15803,Neobatrachus_aquilonius_132170,Neobatrachus_fulvus_17125,Neobatrachus_sutor_15343,0.045845272206303724,0.045845272206303724,0.9083094555873925,349.0
Neobatrachus_albipes_15803,Neobatrachus_aquilonius_132170,Neobatrachus_fulvus_17125,Neobatrachus_wilsmorei_113973,0.04297994269340974,0.034383954154727794,0.9226361031518625,349.0
Neobatrachus_albipes_15803,Neobatrachus_aquilonius_132170,Neobatrachus_kunapalari_16563,Neobatrachus_pelobatoides_116515,0.14613180515759314,0.4355300859598854,0.4183381088825215,349.0
Neobatrachus_albipes_15803,Neobatrachus_aquilonius_132170,Neobatrachus_kunapalari_16563,Neobatrachus_pictus_15876,0.14613180515759314,0.6389684813753582,0.2148997134670487,349.0
Neobatrachus_albipes_15803,Neobatrachus_aquilonius_132170,Neobatrachus_kunapalari_16563,Neobatrachus_sudellae_23945,0.166189111747851,0.7507163323782235,0.0830945558739255,349.0
Neobatrachus_albipes_15803,Neobatrachus_aquilonius_132170,Neobatrachus_kunapalari_16563,Neobatrachus_sutor_15343,0.17478510028653296,0.4269340974212034,0.3982808022922636,349.0
Neobatrachus_albipes_15803,Neobatrachus_aquilonius_132170,Neobatrachus_kunapalari_16563,Neobatrachus_wilsmorei_113973,0.166189111747851,0.3982808022922636,0.4355300859598854,349.0
Neobatrachus_albipes_15803,Neobatrachus_aquilonius_132170,Neobatrachus_pelobatoides_116515,Neobatrachus_pictus_15876,0.14040114613180515,0.7163323782234957,0.14326647564469913,349.0
Neobatrachus_albipes_15803,Neobatrachus_aquilonius_132170,Neobatrachus_pelobatoides_116515,Neobatrachus_sudellae_23945,0.07449856733524356,0.8538681948424068,0.07163323782234957,349.0
Neobatrachus_albipes_15803,Neobatrachus_aquilonius_132170,Neobatrachus_pelobatoides_116515,Neobatrachus_sutor_15343,0.2636103151862464,0.3638968481375358,0.37249283667621774,349.0
Neobatrachus_albipes_15803,Neobatrachus_aquilonius_132170,Neobatrachus_pelobatoides_116515,Neobatrachus_wilsmorei_113973,0.2664756446991404,0.32951289398280803,0.4040114613180516,349.0
Neobatrachus_albipes_15803,Neobatrachus_aquilonius_132170,Neobatrachus_pictus_15876,Neobatrachus_sudellae_23945,0.1833810888252149,0.6361031518624641,0.18051575931232092,349.0
Neobatrachus_albipes_15803,Neobatrachus_aquilonius_132170,Neobatrachus_pictus_15876,Neobatrachus_sutor_15343,0.1518624641833811,0.166189111747851,0.6819484240687679,349.0
Neobatrachus_albipes_15803,Neobatrachus_aquilonius_132170,Neobatrachus_pictus_15876,Neobatrachus_wilsmorei_113973,0.16905444126074498,0.12893982808022922,0.7020057306590258,349.0
Neobatrachus_albipes_15803,Neobatrachus_aquilonius_132170,Neobatrachus_sudellae_23945,Neobatrachus_sutor_15343,0.06303724928366762,0.07449856733524356,0.8624641833810889,349.0
Neobatrachus_albipes_15803,Neobatrachus_aquilonius_132170,Neobatrachus_sudellae_23945,Neobatrachus_wilsmorei_113973,0.06876790830945559,0.06017191977077364,0.8710601719197708,349.0
Neobatrachus_albipes_15803,Neobatrachus_aquilonius_132170,Neobatrachus_sutor_15343,Neobatrachus_wilsmorei_113973,0.6361031518624641,0.14326647564469913,0.22063037249283668,349.0
Neobatrachus_albipes_15803,Neobatrachus_fulvus_17125,Neobatrachus_kunapalari_16563,Neobatrachus_pelobatoides_116515,0.16045845272206305,0.44126074498567336,0.3982808022922636,349.0
Neobatrachus_albipes_15803,Neobatrachus_fulvus_17125,Neobatrachus_kunapalari_16563,Neobatrachus_pictus_15876,0.13753581661891118,0.6590257879656161,0.2034383954154728,349.0
Neobatrachus_albipes_15803,Neobatrachus_fulvus_17125,Neobatrachus_kunapalari_16563,Neobatrachus_sudellae_23945,0.1833810888252149,0.7306590257879656,0.08595988538681948,349.0
Neobatrachus_albipes_15803,Neobatrachus_fulvus_17125,Neobatrachus_kunapalari_16563,Neobatrachus_sutor_15343,0.17478510028653296,0.44412607449856734,0.38108882521489973,349.0
Neobatrachus_albipes_15803,Neobatrachus_fulvus_17125,Neobatrachus_kunapalari_16563,Neobatrachus_wilsmorei_113973,0.16905444126074498,0.41260744985673353,0.4183381088825215,349.0
Neobatrachus_albipes_15803,Neobatrachus_fulvus_17125,Neobatrachus_pelobatoides_116515,Neobatrachus_pictus_15876,0.13753581661891118,0.7163323782234957,0.14613180515759314,349.0
Neobatrachus_albipes_15803,Neobatrachus_fulvus_17125,Neobatrachus_pelobatoides_116515,Neobatrachus_sudellae_23945,0.08022922636103152,0.830945558739255,0.08882521489971347,349.0
Neobatrachus_albipes_15803,Neobatrachus_fulvus_17125,Neobatrachus_pelobatoides_116515,Neobatrachus_sutor_15343,0.25787965616045844,0.3839541547277937,0.35816618911174786,349.0
Neobatrachus_albipes_15803,Neobatrachus_fulvus_17125,Neobatrachus_pelobatoides_116515,Neobatrachus_wilsmorei_113973,0.2607449856733524,0.34097421203438394,0.3982808022922636,349.0
Neobatrachus_albipes_15803,Neobatrachus_fulvus_17125,Neobatrachus_pictus_15876,Neobatrachus_sudellae_23945,0.20057306590257878,0.5759312320916905,0.22349570200573066,349.0
Neobatrachus_albipes_15803,Neobatrachus_fulvus_17125,Neobatrachus_pictus_15876,Neobatrachus_sutor_15343,0.1489971346704871,0.15759312320916904,0.6934097421203438,349.0
Neobatrachus_albipes_15803,Neobatrachus_fulvus_17125,Neobatrachus_pictus_15876,Neobatrachus_wilsmorei_113973,0.166189111747851,0.1318051575931232,0.7020057306590258,349.0
Neobatrachus_albipes_15803,Neobatrachus_fulvus_17125,Neobatrachus_sudellae_23945,Neobatrachus_sutor_15343,0.07449856733524356,0.08882521489971347,0.836676217765043,349.0
Neobatrachus_albipes_15803,Neobatrachus_fulvus_17125,Neobatrachus_sudellae_23945,Neobatrachus_wilsmorei_113973,0.07736389684813753,0.07163323782234957,0.8510028653295129,349.0
Neobatrachus_albipes_15803,Neobatrachus_fulvus_17125,Neobatrachus_sutor_15343,Neobatrachus_wilsmorei_113973,0.6246418338108882,0.16045845272206305,0.2148997134670487,349.0
Neobatrachus_albipes_15803,Neobatrachus_kunapalari_16563,Neobatrachus_pelobatoides_116515,Neobatrachus_pictus_15876,0.45558739255014324,0.36962750716332377,0.17478510028653296,349.0
Neobatrachus_albipes_15803,Neobatrachus_kunapalari_16563,Neobatrachus_pelobatoides_116515,Neobatrachus_sudellae_23945,0.42406876790830944,0.4498567335243553,0.12607449856733524,349.0
Neobatrachus_albipes_15803,Neobatrachus_kunapalari_16563,Neobatrachus_pelobatoides_116515,Neobatrachus_sutor_15343,0.44412607449856734,0.3037249283667622,0.2521489971346705,349.0
Neobatrachus_albipes_15803,Neobatrachus_kunapalari_16563,Neobatrachus_pelobatoides_116515,Neobatrachus_wilsmorei_113973,0.45272206303724927,0.2636103151862464,0.2836676217765043,349.0
Neobatrachus_albipes_15803,Neobatrachus_kunapalari_16563,Neobatrachus_pictus_15876,Neobatrachus_sudellae_23945,0.6504297994269341,0.2521489971346705,0.09742120343839542,349.0
Neobatrachus_albipes_15803,Neobatrachus_kunapalari_16563,Neobatrachus_pictus_15876,Neobatrachus_sutor_15343,0.46418338108882523,0.20630372492836677,0.32951289398280803,349.0
Neobatrachus_albipes_15803,Neobatrachus_kunapalari_16563,Neobatrachus_pictus_15876,Neobatrachus_wilsmorei_113973,0.4498567335243553,0.1833810888252149,0.3667621776504298,349.0
Neobatrachus_albipes_15803,Neobatrachus_kunapalari_16563,Neobatrachus_sudellae_23945,Neobatrachus_sutor_15343,0.41260744985673353,0.15759312320916904,0.4297994269340974,349.0
Neobatrachus_albipes_15803,Neobatrachus_kunapalari_16563,Neobatrachus_sudellae_23945,Neobatrachus_wilsmorei_113973,0.39255014326647564,0.1489971346704871,0.4584527220630373,349.0
Neobatrachus_albipes_15803,Neobatrachus_kunapalari_16563,Neobatrachus_sutor_15343,Neobatrachus_wilsmorei_113973,0.7020057306590258,0.09742120343839542,0.20057306590257878,349.0
Neobatrachus_albipes_15803,Neobatrachus_pelobatoides_116515,Neobatrachus_pictus_15876,Neobatrachus_sudellae_23945,0.7306590257879656,0.13753581661891118,0.1318051575931232,349.0
Neobatrachus_albipes_15803,Neobatrachus_pelobatoides_116515,Neobatrachus_pictus_15876,Neobatrachus_sutor_15343,0.3839541547277937,0.2722063037249284,0.3438395415472779,349.0
Neobatrachus_albipes_15803,Neobatrachus_pelobatoides_116515,Neobatrachus_pictus_15876,Neobatrachus_wilsmorei_113973,0.3553008595988539,0.2722063037249284,0.37249283667621774,349.0
Neobatrachus_albipes_15803,Neobatrachus_pelobatoides_116515,Neobatrachus_sudellae_23945,Neobatrachus_sutor_15343,0.3753581661891118,0.25501432664756446,0.36962750716332377,349.0
Neobatrachus_albipes_15803,Neobatrachus_pelobatoides_116515,Neobatrachus_sudellae_23945,Neobatrachus_wilsmorei_113973,0.33810888252148996,0.2521489971346705,0.40974212034383956,349.0
Neobatrachus_albipes_15803,Neobatrachus_pelobatoides_116515,Neobatrachus_sutor_15343,Neobatrachus_wilsmorei_113973,0.664756446991404,0.16332378223495703,0.17191977077363896,349.0
Neobatrachus_albipes_15803,Neobatrachus_pictus_15876,Neobatrachus_sudellae_23945,Neobatrachus_sutor_15343,0.15759312320916904,0.15759312320916904,0.6848137535816619,349.0
Neobatrachus_albipes_15803,Neobatrachus_pictus_15876,Neobatrachus_sudellae_23945,Neobatrachus_wilsmorei_113973,0.12034383954154727,0.166189111747851,0.7134670487106017,349.0
Neobatrachus_albipes_15803,Neobatrachus_pictus_15876,Neobatrachus_sutor_15343,Neobatrachus_wilsmorei_113973,0.6361031518624641,0.15759312320916904,0.20630372492836677,349.0
Neobatrachus_albipes_15803,Neobatrachus_sudellae_23945,Neobatrachus_sutor_15343,Neobatrachus_wilsmorei_113973,0.6246418338108882,0.1518624641833811,0.22349570200573066,349.0
Neobatrachus_aquilonius_132170,Neobatrachus_fulvus_17125,Neobatrachus_kunapalari_16563,Neobatrachus_pelobatoides_116515,0.8510028653295129,0.09455587392550144,0.054441260744985676,349.0
Neobatrachus_aquilonius_132170,Neobatrachus_fulvus_17125,Neobatrachus_kunapalari_16563,Neobatrachus_pictus_15876,0.7650429799426934,0.14613180515759314,0.08882521489971347,349.0
Neobatrachus_aquilonius_132170,Neobatrachus_fulvus_17125,Neobatrachus_kunapalari_16563,Neobatrachus_sudellae_23945,0.6762177650429799,0.10601719197707736,0.2177650429799427,349.0
Neobatrachus_aquilonius_132170,Neobatrachus_fulvus_17125,Neobatrachus_kunapalari_16563,Neobatrachus_sutor_15343,0.8452722063037249,0.09455587392550144,0.06017191977077364,349.0
Neobatrachus_aquilonius_132170,Neobatrachus_fulvus_17125,Neobatrachus_kunapalari_16563,Neobatrachus_wilsmorei_113973,0.8452722063037249,0.09742120343839542,0.05730659025787966,349.0
Neobatrachus_aquilonius_132170,Neobatrachus_fulvus_17125,Neobatrachus_pelobatoides_116515,Neobatrachus_pictus_15876,0.8051575931232091,0.10601719197707736,0.08882521489971347,349.0
Neobatrachus_aquilonius_132170,Neobatrachus_fulvus_17125,Neobatrachus_pelobatoides_116515,Neobatrachus_sudellae_23945,0.6590257879656161,0.10315186246418338,0.23782234957020057,349.0
Neobatrachus_aquilonius_132170,Neobatrachus_fulvus_17125,Neobatrachus_pelobatoides_116515,Neobatrachus_sutor_15343,0.8825214899713467,0.06017191977077364,0.05730659025787966,349.0
Neobatrachus_aquilonius_132170,Neobatrachus_fulvus_17125,Neobatrachus_pelobatoides_116515,Neobatrachus_wilsmorei_113973,0.8853868194842407,0.06303724928366762,0.05157593123209169,349.0
Neobatrachus_aquilonius_132170,Neobatrachus_fulvus_17125,Neobatrachus_pictus_15876,Neobatrachus_sudellae_23945,0.6532951289398281,0.10315186246418338,0.24355300859598855,349.0
Neobatrachus_aquilonius_132170,Neobatrachus_fulvus_17125,Neobatrachus_pictus_15876,Neobatrachus_sutor_15343,0.7851002865329513,0.08882521489971347,0.12607449856733524,349.0
Neobatrachus_aquilonius_132170,Neobatrachus_fulvus_17125,Neobatrachus_pictus_15876,Neobatrachus_wilsmorei_113973,0.8022922636103151,0.0830945558739255,0.11461318051575932,349.0
Neobatrachus_aquilonius_132170,Neobatrachus_fulvus_17125,Neobatrachus_sudellae_23945,Neobatrachus_sutor_15343,0.6475644699140402,0.24068767908309455,0.11174785100286533,349.0
Neobatrachus_aquilonius_132170,Neobatrachus_fulvus_17125,Neobatrachus_sudellae_23945,Neobatrachus_wilsmorei_113973,0.66189111747851,0.23782234957020057,0.10028653295128939,349.0
Neobatrachus_aquilonius_132170,Neobatrachus_fulvus_17125,Neobatrachus_sutor_15343,Neobatrachus_wilsmorei_113973,0.9426934097421203,0.03151862464183381,0.025787965616045846,349.0
Neobatrachus_aquilonius_132170,Neobatrachus_kunapalari_16563,Neobatrachus_pelobatoides_116515,Neobatrachus_pictus_15876,0.22636103151862463,0.17765042979942694,0.5959885386819485,349.0
Neobatrachus_aquilonius_132170,Neobatrachus_kunapalari_16563,Neobatrachus_pelobatoides_116515,Neobatrachus_sudellae_23945,0.09169054441260745,0.1977077363896848,0.7106017191977078,349.0
Neobatrachus_aquilonius_132170,Neobatrachus_kunapalari_16563,Neobatrachus_pelobatoides_116515,Neobatrachus_sutor_15343,0.45272206303724927,0.3008595988538682,0.24641833810888253,349.0
Neobatrachus_aquilonius_132170,Neobatrachus_kunapalari_16563,Neobatrachus_pelobatoides_116515,Neobatrachus_wilsmorei_113973,0.47564469914040114,0.3008595988538682,0.22349570200573066,349.0
Neobatrachus_aquilonius_132170,Neobatrachus_kunapalari_16563,Neobatrachus_pictus_15876,Neobatrachus_sudellae_23945,0.17765042979942694,0.2492836676217765,0.5730659025787965,349.0
Neobatrachus_aquilonius_132170,Neobatrachus_kunapalari_16563,Neobatrachus_pictus_15876,Neobatrachus_sutor_15343,0.24355300859598855,0.5702005730659025,0.18624641833810887,349.0
Neobatrachus_aquilonius_132170,Neobatrachus_kunapalari_16563,Neobatrachus_pictus_15876,Neobatrachus_wilsmorei_113973,0.25787965616045844,0.5673352435530086,0.17478510028653296,349.0
Neobatrachus_aquilonius_132170,Neobatrachus_kunapalari_16563,Neobatrachus_sudellae_23945,Neobatrachus_sutor_15343,0.09169054441260745,0.7106017191977078,0.1977077363896848,349.0
Neobatrachus_aquilonius_132170,Neobatrachus_kunapalari_16563,Neobatrachus_sudellae_23945,Neobatrachus_wilsmorei_113973,0.10601719197707736,0.7106017191977078,0.1833810888252149,349.0
Neobatrachus_aquilonius_132170,Neobatrachus_kunapalari_16563,Neobatrachus_sutor_15343,Neobatrachus_wilsmorei_113973,0.7077363896848138,0.1346704871060172,0.15759312320916904,349.0
Neobatrachus_aquilonius_132170,Neobatrachus_pelobatoides_116515,Neobatrachus_pictus_15876,Neobatrachus_sudellae_23945,0.19197707736389685,0.17191977077363896,0.6361031518624641,349.0
Neobatrachus_aquilonius_132170,Neobatrachus_pelobatoides_116515,Neobatrachus_pictus_15876,Neobatrachus_sutor_15343,0.1518624641833811,0.673352435530086,0.17478510028653296,349.0
Neobatrachus_aquilonius_132170,Neobatrachus_pelobatoides_116515,Neobatrachus_pictus_15876,Neobatrachus_wilsmorei_113973,0.166189111747851,0.6819484240687679,0.1518624641833811,349.0
Neobatrachus_aquilonius_132170,Neobatrachus_pelobatoides_116515,Neobatrachus_sudellae_23945,Neobatrachus_sutor_15343,0.07163323782234957,0.839541547277937,0.08882521489971347,349.0
Neobatrachus_aquilonius_132170,Neobatrachus_pelobatoides_116515,Neobatrachus_sudellae_23945,Neobatrachus_wilsmorei_113973,0.0830945558739255,0.8510028653295129,0.0659025787965616,349.0
Neobatrachus_aquilonius_132170,Neobatrachus_pelobatoides_116515,Neobatrachus_sutor_15343,Neobatrachus_wilsmorei_113973,0.7163323782234957,0.17765042979942694,0.10601719197707736,349.0
Neobatrachus_aquilonius_132170,Neobatrachus_pictus_15876,Neobatrachus_sudellae_23945,Neobatrachus_sutor_15343,0.166189111747851,0.6332378223495702,0.20057306590257878,349.0
Neobatrachus_aquilonius_132170,Neobatrachus_pictus_15876,Neobatrachus_sudellae_23945,Neobatrachus_wilsmorei_113973,0.17478510028653296,0.6361031518624641,0.18911174785100288,349.0
Neobatrachus_aquilonius_132170,Neobatrachus_pictus_15876,Neobatrachus_sutor_15343,Neobatrachus_wilsmorei_113973,0.8481375358166189,0.09169054441260745,0.06017191977077364,349.0
Neobatrachus_aquilonius_132170,Neobatrachus_sudellae_23945,Neobatrachus_sutor_15343,Neobatrachus_wilsmorei_113973,0.9197707736389685,0.04871060171919771,0.03151862464183381,349.0
Neobatrachus_fulvus_17125,Neobatrachus_kunapalari_16563,Neobatrachus_pelobatoides_116515,Neobatrachus_pictus_15876,0.2177650429799427,0.17765042979942694,0.6045845272206304,349.0
Neobatrachus_fulvus_17125,Neobatrachus_kunapalari_16563,Neobatrachus_pelobatoides_116515,Neobatrachus_sudellae_23945,0.08882521489971347,0.22922636103151864,0.6819484240687679,349.0
Neobatrachus_fulvus_17125,Neobatrachus_kunapalari_16563,Neobatrachus_pelobatoides_116515,Neobatrachus_sutor_15343,0.4297994269340974,0.3037249283667622,0.2664756446991404,349.0
Neobatrachus_fulvus_17125,Neobatrachus_kunapalari_16563,Neobatrachus_pelobatoides_116515,Neobatrachus_wilsmorei_113973,0.45558739255014324,0.30945558739255014,0.2349570200573066,349.0
Neobatrachus_fulvus_17125,Neobatrachus_kunapalari_16563,Neobatrachus_pictus_15876,Neobatrachus_sudellae_23945,0.1833810888252149,0.3008595988538682,0.5157593123209169,349.0
Neobatrachus_fulvus_17125,Neobatrachus_kunapalari_16563,Neobatrachus_pictus_15876,Neobatrachus_sutor_15343,0.22922636103151864,0.5931232091690545,0.17765042979942694,349.0
Neobatrachus_fulvus_17125,Neobatrachus_kunapalari_16563,Neobatrachus_pictus_15876,Neobatrachus_wilsmorei_113973,0.24068767908309455,0.5873925501432665,0.17191977077363896,349.0
Neobatrachus_fulvus_17125,Neobatrachus_kunapalari_16563,Neobatrachus_sudellae_23945,Neobatrachus_sutor_15343,0.09742120343839542,0.6819484240687679,0.22063037249283668,349.0
Neobatrachus_fulvus_17125,Neobatrachus_kunapalari_16563,Neobatrachus_sudellae_23945,Neobatrachus_wilsmorei_113973,0.10315186246418338,0.6934097421203438,0.2034383954154728,349.0
Neobatrachus_fulvus_17125,Neobatrachus_kunapalari_16563,Neobatrachus_sutor_15343,Neobatrachus_wilsmorei_113973,0.6962750716332379,0.1318051575931232,0.17191977077363896,349.0
Neobatrachus_fulvus_17125,Neobatrachus_pelobatoides_116515,Neobatrachus_pictus_15876,Neobatrachus_sudellae_23945,0.2177650429799427,0.20057306590257878,0.5816618911174785,349.0
Neobatrachus_fulvus_17125,Neobatrachus_pelobatoides_116515,Neobatrachus_pictus_15876,Neobatrachus_sutor_15343,0.15472779369627507,0.6790830945558739,0.166189111747851,349.0
Neobatrachus_fulvus_17125,Neobatrachus_pelobatoides_116515,Neobatrachus_pictus_15876,Neobatrachus_wilsmorei_113973,0.17191977077363896,0.6790830945558739,0.1489971346704871,349.0
Neobatrachus_fulvus_17125,Neobatrachus_pelobatoides_116515,Neobatrachus_sudellae_23945,Neobatrachus_sutor_15343,0.09742120343839542,0.8051575931232091,0.09742120343839542,349.0
Neobatrachus_fulvus_17125,Neobatrachus_pelobatoides_116515,Neobatrachus_sudellae_23945,Neobatrachus_wilsmorei_113973,0.10601719197707736,0.8137535816618912,0.08022922636103152,349.0
Neobatrachus_fulvus_17125,Neobatrachus_pelobatoides_116515,Neobatrachus_sutor_15343,Neobatrachus_wilsmorei_113973,0.7020057306590258,0.17765042979942694,0.12034383954154727,349.0
Neobatrachus_fulvus_17125,Neobatrachus_pictus_15876,Neobatrachus_sudellae_23945,Neobatrachus_sutor_15343,0.2177650429799427,0.5644699140401146,0.2177650429799427,349.0
Neobatrachus_fulvus_17125,Neobatrachus_pictus_15876,Neobatrachus_sudellae_23945,Neobatrachus_wilsmorei_113973,0.22349570200573066,0.5673352435530086,0.20916905444126074,349.0
Neobatrachus_fulvus_17125,Neobatrachus_pictus_15876,Neobatrachus_sutor_15343,Neobatrachus_wilsmorei_113973,0.8424068767908309,0.08595988538681948,0.07163323782234957,349.0
Neobatrachus_fulvus_17125,Neobatrachus_sudellae_23945,Neobatrachus_sutor_15343,Neobatrachus_wilsmorei_113973,0.8968481375358166,0.05730659025787966,0.045845272206303724,349.0
Neobatrachus_kunapalari_16563,Neobatrachus_pelobatoides_116515,Neobatrachus_pictus_15876,Neobatrachus_sudellae_23945,0.5931232091690545,0.12893982808022922,0.27793696275071633,349.0
Neobatrachus_kunapalari_16563,Neobatrachus_pelobatoides_116515,Neobatrachus_pictus_15876,Neobatrachus_sutor_15343,0.2722063037249284,0.4040114613180516,0.3237822349570201,349.0
Neobatrachus_kunapalari_16563,Neobatrachus_pelobatoides_116515,Neobatrachus_pictus_15876,Neobatrachus_wilsmorei_113973,0.2607449856733524,0.42406876790830944,0.3151862464183381,349.0
Neobatrachus_kunapalari_16563,Neobatrachus_pelobatoides_116515,Neobatrachus_sudellae_23945,Neobatrachus_sutor_15343,0.2148997134670487,0.498567335243553,0.28653295128939826,349.0
Neobatrachus_kunapalari_16563,Neobatrachus_pelobatoides_116515,Neobatrachus_sudellae_23945,Neobatrachus_wilsmorei_113973,0.1977077363896848,0.5071633237822349,0.29512893982808025,349.0
Neobatrachus_kunapalari_16563,Neobatrachus_pelobatoides_116515,Neobatrachus_sutor_15343,Neobatrachus_wilsmorei_113973,0.6561604584527221,0.2177650429799427,0.12607449856733524,349.0
Neobatrachus_kunapalari_16563,Neobatrachus_pictus_15876,Neobatrachus_sudellae_23945,Neobatrachus_sutor_15343,0.13753581661891118,0.2979942693409742,0.5644699140401146,349.0
Neobatrachus_kunapalari_16563,Neobatrachus_pictus_15876,Neobatrachus_sudellae_23945,Neobatrachus_wilsmorei_113973,0.12320916905444126,0.3008595988538682,0.5759312320916905,349.0
Neobatrachus_kunapalari_16563,Neobatrachus_pictus_15876,Neobatrachus_sutor_15343,Neobatrachus_wilsmorei_113973,0.6962750716332379,0.17478510028653296,0.12893982808022922,349.0
Neobatrachus_kunapalari_16563,Neobatrachus_sudellae_23945,Neobatrachus_sutor_15343,Neobatrachus_wilsmorei_113973,0.7134670487106017,0.15759312320916904,0.12893982808022922,349.0
Neobatrachus_pelobatoides_116515,Neobatrachus_pictus_15876,Neobatrachus_sudellae_23945,Neobatrachus_sutor_15343,0.1489971346704871,0.15472779369627507,0.6962750716332379,349.0
Neobatrachus_pelobatoides_116515,Neobatrachus_pictus_15876,Neobatrachus_sudellae_23945,Neobatrachus_wilsmorei_113973,0.14040114613180515,0.16905444126074498,0.6905444126074498,349.0
Neobatrachus_pelobatoides_116515,Neobatrachus_pictus_15876,Neobatrachus_sutor_15343,Neobatrachus_wilsmorei_113973,0.6962750716332379,0.12607449856733524,0.17765042979942694,349.0
Neobatrachus_pelobatoides_116515,Neobatrachus_sudellae_23945,Neobatrachus_sutor_15343,Neobatrachus_wilsmorei_113973,0.7106017191977078,0.1174785100286533,0.17191977077363896,349.0
Neobatrachus_pictus_15876,Neobatrachus_sudellae_23945,Neobatrachus_sutor_15343,Neobatrachus_wilsmorei_113973,0.8681948424068768,0.05730659025787966,0.07449856733524356,349.0
